testLabels_cat
[[2.         0.66964286 1.48214286 0.84821429 1.92857143]
 [1.         4.03571429 2.59821429 4.20535714 2.73214286]
 [1.         4.49107143 2.46428571 4.83928571 2.89285714]
 ...
 [1.         0.         2.63392857 1.13392857 3.28571429]
 [1.         1.84821429 2.45535714 2.83928571 3.17857143]
 [1.         2.73214286 2.55357143 4.32142857 3.77678571]]

testLabels_cls
[[0. 0. 1. 0. 0.]
 [0. 1. 0. 0. 0.]
 [0. 1. 0. 0. 0.]
 ...
 [0. 1. 0. 0. 0.]
 [0. 1. 0. 0. 0.]
 [0. 1. 0. 0. 0.]]
 
testLabels_cls_reg
[[0.         0.         1.         ... 1.48214286 0.84821429 1.92857143]
 [0.         1.         0.         ... 2.59821429 4.20535714 2.73214286]
 [0.         1.         0.         ... 2.46428571 4.83928571 2.89285714]
 ...
 [0.         1.         0.         ... 2.63392857 1.13392857 3.28571429]
 [0.         1.         0.         ... 2.45535714 2.83928571 3.17857143]
 [0.         1.         0.         ... 2.55357143 4.32142857 3.77678571]]




de preds data moet het zelfde uitzien als de getrainde data

testPreds_cls
 [[-3.8983452  2.5970592 -2.638538  -2.842905  -1.0473342]
 [-3.8983452  2.5970592 -2.638538  -2.842905  -1.0473342]
 [-3.8983452  2.5970592 -2.638538  -2.842905  -1.0473342]
 ...
 [-3.654131   2.3806953 -3.0503898 -2.968883  -1.1257643]
 [-3.654131   2.3806953 -3.0503898 -2.968883  -1.1257643]
 [-3.654131   2.3806953 -3.0503898 -2.968883  -1.1257643]]

testPreds_reg
[[-3.8983452  2.5970592 -2.638538  -2.842905  -1.0473342]
 [-3.8983452  2.5970592 -2.638538  -2.842905  -1.0473342]
 [-3.8983452  2.5970592 -2.638538  -2.842905  -1.0473342]
 ...
 [-3.654131   2.3806953 -3.0503898 -2.968883  -1.1257643]
 [-3.654131   2.3806953 -3.0503898 -2.968883  -1.1257643]
 [-3.654131   2.3806953 -3.0503898 -2.968883  -1.1257643]]






 iets met de boundingbox normalisation gaat fout

 code moet nog werken met 1 image en meerdere boundingboxes en labels/classes